1000983
1000995
1001111
100272
1002954
1003031
1003048
1003055
1003062
1003329
1004786
1005048
1005078
1005361
1005933
1006576
1007194
1007195
100861
100863
100874
100886
100910
100973
100974
100976
1010633
101089
101097
101098
101103
101107
101115
101136
101142
101143
101203
1016809
1016812
1016981
101729
101938
101942
101976
102167
10228
102291
102295
102305
102316
102328
1026885
102694
102713
1027790
1027793
1028368
1031733
1032070
1032238
1032239
1032678
1032745
1033252
1033282
1033283
103348
103357
103378
103385
103386
1033922
1034015
1034331
1034652
103481
1036021
1036172
1037239
103855
103965
103983
1041103
1041171
1041172
1041173
1041191
1041193
1041195
1041245
1041249
1041279
1041365
1041607
104163
104245
104250
104296
1043055
104336
104408
104409
104410
104412
104415
104536
1045439
1045465
1045466
1045467
1045469
1045471
1045473
1045474
1045476
1045478
1045480
1046279
1046291
1046361
1046377
1046587
104677
1046772
1046773
104678
104679
1046809
1046822
1047140
1047168
104758
104777
104782
1048260
1048533
1049
1049189
1049197
1049198
104925
104971
1050624
1050635
1050655
1050725
1050734
1050829
1051129
105151
105152
105153
1051616
1051732
1051734
1051840
1051841
105187
1052040
105219
105231
1053403
1054033
1054034
105404
105409
1054387
1054984
1055000
1055487
1055549
1055551
1055681
1056129
105615
105640
105697
105714
105766
105768
105769
105771
105772
105997
106001
106009
106015
106018
106309
106529
106537
106539
106542
106544
106634
1067
1069743
1070901
1071080
1071507
1071522
1071554
1071555
1071604
1071701
1072042
1077150
107757
107758
107760
1077871
107832
1078905
1079982
1080223
1080229
1080230
1081077
1082342
108411
108573
1086052
1086053
108607
1086351
1086377
1089804
109058
1090615
109069
1091061
1091081
1091461
1091569
109238
109368
1094342
1094891
1095189
1095380
109609
1096293
1096333
1096334
1096335
1096338
109642
109664
1096663
109671
1097128
1097141
109760
109876
109881
109889
109890
109894
109895
109897
109947
1099800
11
110065
110070
110093
1100991
110146
110284
1104319
110438
110475
1105063
1105066
1105075
1105092
110514
1108795
1108796
1111182
1111184
1111209
1111216
1111238
1111312
1111323
1111479
1112543
1112544
1112786
1112787
1112788
1112792
1112793
1112806
1112810
1112813
1112817
1112821
1113534
111674
1116852
1116867
1117027
1117028
1117030
1117031
111721
1117327
1117335
1119292
112029
112059
112061
112064
112066
112070
112072
112078
112087
112088
112090
112091
112092
112094
112097
112098
112136
112237
1123043
1123717
112407
1124835
112493
112509
1125794
1125966
1126813
1127100
1127101
1127109
1127115
1127117
1127127
1127130
1127137
1127140
1127141
1127202
1127203
1127205
1127211
1127213
1127215
1127216
1127217
1127218
1127222
1127223
1127403
1127415
1127417
1127494
1127498
1127503
1127506
1127508
1127509
1127510
1127818
1127820
1127821
1128088
1128107
1128109
1128110
112835
1129380
1129387
1129414
1129794
1130063
1130064
113081
1130980
1130993
1130997
1130998
1131437
1131441
1131799
1131877
1132513
1132515
1132520
1132521
1132522
1132523
1132524
1132525
1132638
1134064
1134065
1134066
1134067
1134068
1134069
1134070
1134071
1134072
1134076
1134077
1134405
1134496
1134709
1134710
113538
1136345
1136346
1136347
113644
1138456
1140
114068
114069
114070
1141883
114199
1142991
1143010
1143093
1143248
1143721
1144879
1145023
1145309
1146844
114742
1147772
1148
114851
114912
1149710
1150621
1150857
115421
1155433
115547
1155755
115595
115597
115615
1156839
1156937
1156965
1157699
115880
115888
115890
115891
115892
115901
1160
116065
1161077
1161148
1162311
1165256
1165304
116551
1167006
1167838
1168242
1168759
1169555
1169938
1169946
117066
117068
1171613
1173060
117523
1175529
1176482
1176540
1177568
117779
117782
117817
117818
117820
117821
117822
1179467
1180666
118079
118080
1182519
1184151
1184273
1184418
1184799
1184802
1184810
1184812
1184817
1184819
1184822
1185380
1186927
1187971
1188319
1190596
119072
1190837
1191523
1193136
1193275
1193502
1194211
1194293
1194294
1194611
1194613
1194617
1194618
1194627
1194629
1194680
119481
119497
1195478
1195479
1195481
1195612
1195655
1195656
1195657
1196153
1196155
1196157
1196158
1196432
1196573
1197284
1197285
1197334
1197866
1197881
119949
1200491
1200496
1202552
1202772
1202785
120398
120412
120415
120416
120418
120420
120421
1204343
1204418
1206350
1206458
1208500
120995
121062
121466
1214781
1215685
1217136
1217138
1217149
1217151
1217293
1217582
121769
1218234
121845
1219771
1220049
1220052
1220084
1221565
1221834
1223503
122355
1223802
122420
1224436
122617
122618
1226752
1227964
1227978
1229973
1230094
1230383
1230396
1230398
1230402
1231
1232131
1232413
1232414
1232430
1233433
123356
1234494
1235342
1237085
1238391
1238683
123899
1239096
1239444
1239450
1240237
124140
1241557
1241959
1242177
1243177
1245469
1245644
1245882
1245957
1246184
1246185
1246186
1246192
1246329
1246584
1246593
1246790
1246791
1246818
1246822
1246837
124742
1247712
1247726
1248750
1248751
1249480
1249516
125
1250546
1250632
125321
1254432
1255116
1255125
1255295
1255302
125641
1256574
1258681
1258682
1258683
1258746
1259744
1259747
1259748
1259759
1260483
1260507
1260514
1260627
1260628
1260793
1260928
1261422
1261641
1262063
1262165
1262349
1262470
1262610
1262649
1265878
1265881
1266052
1266523
1266524
126659
126675
1266943
1267083
1267107
126728
1267489
1267562
1268280
126844
126846
1268659
1268801
1270
127148
127150
127159
127168
1273022
1273211
1274
127442
127443
127444
1274463
1274464
1274468
1274471
1274473
1274476
1274492
1274493
1274631
1274935
1274938
1274939
1274941
1274944
1274945
1274946
1274950
127547
127562
127563
1276504
1276532
1276537
1277350
1277646
1278212
1278970
1279102
1279107
1279233
1280
128015
128017
1280517
1280605
128131
128191
1281923
1281937
1282001
1282004
1282015
128206
1282126
1282144
128216
128251
1282893
1283312
1283838
1284342
1286072
1286073
1286912
1286914
1286915
1286917
128741
1287858
1288494
1288495
1289060
1290441
1291152
129131
1291311
1291312
1291313
1291314
129132
129272
1293511
129355
129359
129360
129362
1294270
129512
1295181
1295531
1295534
129555
129566
129567
129571
1296096
1296100
1296109
1296601
1296609
1296613
129857
1298651
129921
1300069
1300258
1300259
130049
1301579
130220
1302321
1302322
1302323
1302324
1302326
1302331
1302332
1302333
1302830
1302847
1302870
1303703
1304713
1304843
1304844
1304846
1304847
1304849
1304850
1304851
1304852
1304853
1304854
1304855
1304856
1304859
1305849
1306592
1306595
1306596
1306597
1306599
1306600
1306602
130672
1307763
13093
1309305
1309697
130991
1310165
13108
131080
1311518
1311523
1311803
1311868
1311880
1311905
1311918
1311922
1311930
1311941
1311942
1311946
1311948
1311950
1312000
1312525
1312526
131308
1314681
1314695
1315211
1315715
1316214
1316746
1317128
1319843
1320345
1320347
1321668
1321669
132188
132190
1321910
1323375
1323390
1323753
1325107
1325564
1326905
13290
1329067
1330382
1331258
1331294
1331910
1332080
1332853
13329
1334149
1334967
1334975
1336321
1336513
1336578
1336822
1336824
1336848
1336945
1337058
133747
1337838
133901
1339698
1341325
1341630
1341712
13427
134273
134274
1343409
1343611
1343613
1343623
1343844
1344364
1344365
134455
1345087
134536
134537
1345667
1346143
1346494
1346497
1346499
1346503
1346504
1346505
1346507
1346519
1346650
134686
134689
134690
1348065
1348342
1348343
1348385
1348389
1348390
134875
1348774
1349767
1350019
1350358
1350461
1351876
1351879
135270
1352829
135283
1353134
1353138
1353228
1353246
1354920
135523
1355374
135648
1357716
1357777
135778
1357781
135852
135853
135856
1358839
13599
13608
13614
136184
136186
136191
136499
1365437
1366280
1366283
1366284
1366285
1366290
1366291
1366294
1366295
1366297
1366304
1366308
1366309
1366331
1366335
1366337
1366339
1366393
1366425
1366453
1366455
1366464
1366635
1366638
1366658
1366863
1367189
1367192
1367197
1367198
1367426
13689
13690
136983
137008
137150
137153
137156
13717
137170
137171
137172
137252
137423
137729
137745
137778
1377958
1378070
13787
13788
137880
1379266
1379280
1380459
1380569
138118
1381493
1381494
138176
1381934
1381935
1384134
1385576
1385988
1385989
1385990
1385991
1385992
1385994
1386329
1386331
1387110
1387353
1389192
1389454
1389726
139025
1390396
139123
139146
1391584
1391653
1391654
139171
1391863
1391882
1392005
139277
139363
139375
139376
139381
139382
1394710
1395604
1395665
1395676
1396493
1396494
1396496
1396502
1396504
1397
1398096
139844
139938
1399557
1399666
1399668
1399689
1399693
1399755
1399757
1400434
1400435
140044
140046
1400855
1400864
1401000
1401226
1401269
1401296
140242
140244
1404
140469
140477
1405070
1405096
1406
140627
140635
140636
1406417
1406429
1406432
1406433
1407008
1407009
1407743
1408141
1408142
1408159
1410606
1411642
1411678
1411920
141264
141266
1413687
1413813
1416563
1416588
1416605
1416803
1416806
1418849
1419011
141969
1420681
1420917
142110
142113
1421139
142114
1422
1423913
1423914
1425171
142554
1425626
1427712
1428768
1430325
1430388
1430394
1431453
1431955
1431987
1431988
1431989
1431990
1431991
1431992
143232
1432660
1434220
1435584
143670
143672
143674
1437360
1437425
143791
1440115
1440116
1440990
1440993
1440994
1441031
1441034
1441628
1441771
1441772
1442551
1442554
1442555
1442556
1443318
1445014
144539
1445510
1446102
1447940
1448044
1449976
1451047
1452564
1452566
1452567
1452577
1452583
1452668
1452669
1452687
1452689
1452712
1452715
1452717
1454436
1454458
1454463
1454476
1454515
145522
1455565
1456245
1456342
145640
1457397
1458163
145840
145842
1458425
1458426
145848
145850
145852
145865
1458881
1458882
1459636
1459835
1460289
146056
1460678
146149
1461544
1461664
1462615
146359
1464783
1465317
146551
1465598
146580
146781
1468191
1468200
1468201
1468202
1468208
1468211
1468212
1468213
1468214
1468224
1468241
146939
1470541
1471603
147566
1476395
147702
147703
147705
147706
1477121
1479653
1480154
1481331
1483201
1483989
1484336
1484364
148447
1484663
1485251
1485252
1485253
1485254
1485255
1485257
1485291
1485307
1485315
1485682
148589
1486022
148631
1486463
1486924
1487565
1487920
148813
1488662
148960
1489740
1489786
1489789
148988
1489895
148996
149001
149005
149006
149007
149008
149009
1491
1491497
1492188
1492817
1495298
1497624
1497743
1498288
1499134
1499604
1499625
1500003
1500412
150188
150190
150192
1502335
1502549
150412
150440
1505028
1505608
150671
1507467
1507811
1507897
1507898
1507907
1508293
150890
1509508
1509509
151033
151428
1514897
1517
1517497
1518506
1518596
1518703
1519116
1519377
1519423
1519424
1519425
1519565
1519608
1519758
1519759
1519760
151985
1520323
1521444
1521445
1521446
1522
1525007
1525058
1525076
1525105
1525108
1526658
152703
152704
1527762
1527815
1527817
1529069
152937
152947
152948
1530251
1531352
153251
1532555
1532565
1535512
1536648
1536776
1536790
1536791
1537145
1537274
153731
1537400
1537483
153913
153948
1539565
1539566
1539569
1539571
1539929
1539935
1539936
1539937
1539939
154
1540870
1541146
1541169
1541270
1541271
1541274
1541295
1541355
1541704
1541798
1542222
1542244
1542312
1542815
154342
1543685
1543721
1543944
1543946
1544691
1545368
154539
1545448
1545450
1545454
1545455
1545462
1545704
1547305
154754
154756
154758
1547851
1548729
154970
1550051
1550240
1550542
1550613
1550656
1550665
1550668
1550699
1551627
1551977
155592
155724
1559925
1560345
1560366
156128
156131
156133
1561719
156173
156174
1561963
1562974
1562991
1562996
156302
1563320
156405
1564138
1564202
1564633
156587
156588
156611
156628
156846
1569443
1569628
156980
157179
157222
1572324
1572338
157250
157253
1572644
1573482
1573483
1573484
1573485
1573486
1573487
1573491
1573492
1573493
1573495
1573503
1574138
1574139
157592
157595
157611
157615
1577085
1577088
1577631
1577725
157820
1578772
1578786
1578787
1579205
1579976
1581011
1581680
1582340
1582524
1582525
158293
1583029
1583041
1583043
158379
158383
158384
158441
158475
158500
158507
158510
1587505
1588067
1588069
1588891
158899
1589674
1590041
1590090
1590097
1590098
1590102
1590121
1590123
1590144
1590150
1590314
1591236
159162
1592564
159261
159284
1592897
1593264
1593404
1593408
1593412
1593417
159342
159417
1594301
15957
159573
159593
1596310
1596454
1596456
1596813
159720
1597422
1597425
1597452
159750
1597746
1597751
1597781
159799
159800
1598081
159821
159862
159957
1602131
1602133
160216
160221
160265
160331
1603428
1603555
1603606
160602
160652
160683
1606834
1606835
1607838
1607841
1607853
1607858
1607891
1607959
1607961
1607962
1607965
1607966
1607967
1607970
1607972
1607973
1607974
1607976
160825
1608461
1608522
160860
160891
160895
1609008
160901
1609015
160903
160906
160932
1609758
1609760
160984
161013
1610688
161118
161120
1611548
1611549
1611807
1612320
1612323
1612326
161398
161493
1617399
161789
1617967
1618633
1619007
161974
161979
161982
1619896
161990
1619905
1619915
161992
1620387
162045
162087
162094
162130
1621989
1623370
1623449
162426
1629334
1629407
1629516
1629539
1629544
1629723
1631189
1631632
1631756
1631803
163307
163372
163373
1633824
1633862
163469
163503
1635208
1636152
163714
1637999
1638602
163893
163894
163895
163897
1641413
1641414
1641595
1642243
1642435
1642460
1642461
1642819
164321
1643309
1643353
1643533
1643537
1643677
164405
1644131
164625
165091
165092
1651132
1651141
1651142
1651154
1651171
1651944
1652791
1652794
1653778
165470
1654720
1654899
165491
1655500
1655527
1656269
1658274
1658364
1658399
1658665
1659655
1659658
1659662
1659681
1659699
1659729
1660067
1660073
1660076
1660083
1660251
166035
1661263
1661264
1661750
1662285
1664502
1664747
166938
1670722
1670977
1671029
1671733
1671742
1671756
1672054
167345
167368
167372
1673888
1673891
167539
1675850
1677026
167768
1677819
1677821
1678028
1678128
1678237
1678892
167897
167961
167964
167967
1679977
1680460
1682049
1683226
1683228
1684307
168555
1686679
1686743
1686789
1686790
168739
168749
168765
168923
1689720
1689854
1689855
1689857
1690225
1690485
169147
169156
1691973
1691974
1691975
169427
169430
169506
1695211
1695222
1695233
169531
1695903
1696168
1697043
1697560
1697561
1697569
169770
169771
169774
169782
1698434
17
170004
170006
170007
170009
1701326
1701752
1702224
1702225
1702226
1702227
1702228
1702229
1702231
1702235
1702609
1704307
170446
170450
170619
1708507
1708510
1708511
1708541
1709477
1709935
1709941
1710680
1710681
171207
171212
171217
1712290
1712297
1712305
1712313
1712343
1712355
171236
1712431
1712436
1712448
171259
1714860
1715218
1715235
1715236
1715256
1715260
1715365
1715402
1715720
171695
171865
1718873
1718875
171953
171959
172049
1720615
172234
172294
1723442
172669
172671
172788
172797
1729142
1729143
1729146
1729148
1729207
1729208
173054
173069
173104
173124
173233
173234
173267
173270
173272
173311
173327
1734106
173457
1735162
1735262
1735263
1735834
1735950
1736029
1737640
173977
1740369
174039
1742604
1742605
1742606
1742607
1742613
1742617
174412
1744892
1745197
1745723
174661
1747812
1748297
1748418
1748857
1748861
1749282
1749284
1750598
1750896
1750907
1751046
1751150
175144
1751856
1752161
175243
175244
175245
175247
1752674
175274
175292
1755170
175537
1755424
1756116
1756134
1756144
1756194
175654
175658
1758873
1760868
1761016
1761727
1762046
1762051
1763329
1763535
1764022
1764088
1764295
1764850
1765014
1765015
1765049
1766742
1768090
1768231
1768234
1768235
1768242
176853
1768864
1769202
1769355
1769407
1769772
177103
1771342
177193
177437
1775867
1775868
1776392
1778415
1778547
1778564
1778598
1779280
1780
1781262
178133
1781622
1781623
1781624
1783560
1783561
1783564
1783566
1784806
1785927
1785928
1785930
1785944
1785945
178606
1787825
178835
178870
178876
1789065
1789172
1789173
1789613
1790175
179112
179113
1792254
1792275
1792277
179292
179294
1793163
1793893
1794842
1795121
1795125
1795126
1795133
1795136
1795139
1795143
1795148
1795149
1795150
1795151
1795152
1795156
1795157
1795158
1795161
1795178
1795180
1795181
1795184
1795188
1795190
1795195
1795214
1795220
1795221
1795222
1795224
1795226
1795230
1795239
1795246
1795248
1795250
1795258
1795260
179533
1795383
1795425
1795433
1795446
1795745
1795750
1796078
1796080
179636
179640
1796635
1796921
1797136
1797414
1797437
1797445
1797447
1797455
179791
179797
1798043
1798216
1798219
1798220
1798223
179866
179867
179868
180195
180282
1803374
1803810
1804019
180410
180474
1804765
180483
180485
180528
1805448
1805452
1805497
1805845
1806508
1806784
1806893
1806960
1807122
1807180
1807213
1807774
1807976
1808958
181046
181047
181062
1810905
181123
1811234
1811256
1811268
181146
181160
181172
181173
181174
1812239
1813468
1813523
1813852
1813853
1814933
1816072
1816077
181622
181653
181663
1816793
181957
1819860
1819863
182047
182049
1820622
1820624
1820625
1821822
1821823
1821907
182478
182487
1825957
182715
182728
182761
182972
182973
182975
182977
182979
182980
1833759
1834207
1834219
1834402
1834403
1834511
183492
1835772
1835773
1835774
1835775
1835776
183588
183589
1837149
1838286
183917
183919
1839938
1840408
1840549
1841150
1841205
1841226
1841616
1841646
1841649
1842478
1842537
1842540
1842727
1843192
1843196
1843197
1843215
1843217
1843218
1843425
1844087
1844300
1844302
1844523
184485
1846255
1846257
1846258
1846278
1846297
184747
184759
184760
1848255
1848298
1848756
1849015
1849060
1849062
1849154
1849155
1849231
1849232
1849233
1849234
1849239
1849817
1849818
1849970
1850254
1850440
1851544
1852269
1852270
1853055
1853099
1853148
1853554
1854492
1855912
1855970
1856122
1856123
1856124
1856251
1856742
185688
1857520
1857961
1858609
1859096
185982
186027
186038
186039
186043
186175
1861792
1862896
1862976
1862977
1863003
1863004
1863005
1864490
1864493
1864495
1866938
1867719
1867790
1869227
1870131
187299
1873451
187371
1873947
187406
1874130
1874131
1874359
1874362
1874882
1874883
1874895
187592
187623
187695
187735
187821
187841
1879049
1880825
1881117
1881118
1881462
188165
1881959
1882010
1882013
1882015
1882047
1882049
1882055
1882068
1882073
1882075
1882204
1882206
1882210
1882215
188228
188233
1882355
1882356
1882749
1882918
1883427
188364
1884248
1884627
1884634
188474
188476
1884904
1884905
1884913
1884914
1884915
1884916
1886407
1886494
1886626
1886627
1886628
1886786
188939
188950
188980
1890389
1890683
1890688
1891026
1891094
1891163
1891229
1891238
1891246
1891687
1891691
1891926
1891967
1892415
1892604
1892645
1892695
1892890
1892891
189333
189334
189347
1894963
189552
189553
1895587
189559
189561
189567
189574
189577
1895941
1895944
1896101
1896175
189646
1897082
1897122
189737
1897643
1897645
189767
1898103
1898647
1899210
1899316
1899527
1899528
189963
190075
190084
190086
1902245
1902916
1902918
1902919
1903037
1903058
190325
190327
1903276
1903714
1904033
1904463
1904475
1904635
1904640
1905295
1905723
190575
1906151
1906667
1906771
1906877
1906879
1907077
1907219
1907502
1907520
1907792
190893
1909390
191020
191083
191086
1911113
1911175
1911453
1911454
1911455
1911456
1911458
1911597
1912044
1912075
1912076
1912490
1912667
1912683
1912765
1912891
1912926
191308
191334
1913578
1913988
1913989
191432
1914471
1914618
1914862
1915160
1915357
1915358
1916079
1916363
1916381
1917015
1917023
1917366
1917378
1918384
1920007
1920010
192011
1920939
1921086
192219
1923864
1923966
1924285
1924286
1924287
1924735
1924736
1924737
1925421
1925428
1925430
1926242
1926331
1926386
1926389
1926391
192649
1926494
1926868
1928008
192812
1928152
1928356
192843
1928486
1928494
1928706
192875
1928839
1928840
1928841
1929461
1929511
1929756
1929976
1930071
1930103
1930187
1930593
1930695
1931350
1931364
1932330
1932331
1932332
1932347
1932610
1932692
1932874
1932908
193316
1933929
1934142
1934206
1934786
1935204
1935299
1935307
1935332
1935333
1935343
1935356
1935369
193542
193556
193557
193558
1936021
1936035
1936197
1937691
1938136
1938391
1938606
1938607
1938884
1938920
1938929
1940113
1940452
1940690
1940749
1941229
1941230
1941447
194534
1948790
1948796
194907
194989
194992
194993
195032
195065
195071
1951536
195190
195502
1955109
1955281
1955417
1955561
1955566
1955568
195691
1956916
1956962
195849
1958866
1959106
1959286
195935
195952
195967
195969
1959764
1960170
1960172
1960768
1960864
1961798
1962190
1962198
1963392
1964287
1967118
1967136
1967543
1968534
1968727
196926
196931
196947
1970147
1970148
1970149
1970150
1970154
1971737
1971738
1971756
1972851
1973002
1973115
1973307
1973320
1974330
197482
197531
1977040
1977046
197759
1978502
1978784
1978788
1978789
1978791
1978796
1978799
1978804
1978808
1978827
1979220
1979239
1979243
1979392
1979464
1979794
1979803
1979842
1979936
1979937
1979941
1980192
1980197
1980655
1980659
1980664
1980667
1980670
1980672
1980704
1980705
198107
1981412
1981605
1981616
1982014
1982524
1982626
198286
198290
198303
1983204
1983341
1985111
1986089
1986146
1986327
198652
1986952
1987364
1987998
1988007
1988009
1988022
1993769
1993781
199591
199737
199738
200
2003111
2003426
2003624
2004886
2004888
2005003
200527
2005477
2005494
2005884
200602
2006381
200692
200709
200721
200723
200767
200775
2008428
2008430
200897
201003
2010215
201089
2011649
2011662
2011712
2011732
2011765
2011832
2011835
2011839
2011922
2011927
2011937
2011961
2012091
2012134
2012159
2012191
2012212
2012215
2012223
2012224
2012228
2012279
2012297
2012298
2012318
2012320
2012337
2012369
2012393
2012442
2012547
2012578
2012580
2012715
2013028
2013513
2013941
2013943
2014534
2014780
2014924
2014965
2014969
2014981
2015009
2015010
2015013
2015173
2015264
2017140
2017143
2018309
2018706
2018708
201961
2020344
2020350
2020708
202080
2020962
2021391
2021862
2022345
2022611
2022617
2022749
2023153
2023355
2023679
2023682
2023687
2023690
2023889
2024001
2024986
2025495
2025949
2025989
2026
2026199
2026716
2026734
2026742
2026749
2026767
2026772
2026781
2026791
2026798
2026799
2026803
2026804
2026887
202698
202705
2027124
2027405
2027515
202759
2027860
2028465
2028466
2028483
203
2030806
2030808
2030810
2030826
203083
203086
2030880
2030981
2030997
2031001
2031006
2031008
2031018
2031021
2031024
2031030
2031066
2031093
2031096
2031098
2031100
2031104
2031139
2033014
2033099
2033104
203415
2035364
2035772
2035995
2037775
2037782
2037783
2037784
2037816
2038151
2038782
203908
203924
2039261
2039262
2039264
2039266
2039707
2039876
204
2040219
2040628
2040703
2040778
2040893
2040976
2041596
2042010
204324
204326
2043554
2044563
2044595
2044844
2044940
2045208
2045217
2045275
2045369
2046018
2046349
2046432
204736
204742
2047469
2048056
2048069
2048089
2048091
2048094
2048898
2049010
2049015
2049016
2049052
2049428
2049879
2049902
205096
2051683
2051699
2051705
2051709
2051711
2051727
2051737
2051738
2051741
2051748
2051751
2051753
2051756
2051757
2051758
2051765
2051769
2051791
2051799
2051803
2051806
2051809
2051811
2051812
2051813
2051814
2051817
2051906
2051908
2051914
2051915
2051916
2051917
2051935
2051956
2052139
2052143
2052148
2052152
2052182
2052648
2052677
2052682
2052683
2053029
2053517
2053521
2053527
2053554
2053557
2053569
2053570
2053589
2053594
2053688
205378
2054275
2056160
2056290
2056304
2056584
2056675
2056976
2057163
205750
2057570
205765
205780
2058121
2058366
2058624
2058625
2058882
2058883
2058987
2059391
2059681
205971
2060428
2060435
2060445
206051
2060651
2060913
2060934
206227
206318
206322
206335
206403
206506
2065209
2066531
206690
2066962
2067435
2068114
2069417
2070348
2070761
2071704
2071996
2072420
2072857
2072858
2073117
2074771
2074814
2074865
2074866
2074913
2075051
2075071
2075078
2075125
2075223
2075227
2075229
2075234
2075237
2075239
2075244
2075285
2075341
2075348
2075384
2075391
2075392
2075405
2075418
2075445
2075457
207745
2078672
2079231
2079299
2079346
2079449
2079575
2080270
2080302
2080469
2080612
2080979
2081323
2081353
2081363
2081444
2081491
2081635
2081637
2081639
2081640
2082158
2082188
2082240
2082250
2082308
2082386
2082957
2082958
2082960
208375
208439
208460
2086432
2086686
2086703
208781
209243
2093244
2093317
2093318
2093401
2093793
209404
2099675
210
2100195
2100606
210225
210441
210598
210618
2107686
2107736
2107739
2107879
2107905
210792
2107924
2107925
2108269
2108294
210839
2109576
2109692
2109811
2109818
2109821
2109824
2109826
2109827
2109828
2109829
2109839
2109913
2109915
211013
211016
2116510
2116651
2116652
2116653
2116657
2116702
211957
212
212016
212017
212038
212130
212230
212330
212334
212337
212339
2125992
2125994
2126262
2126271
2126274
212740
212805
2133758
2135296
213556
2136119
2136182
2136808
2138268
2138313
214030
214684
214688
214887
214965
214988
214993
214994
214995
215162
215250
2152845
216087
216088
2161677
216203
2163522
2163524
2163526
2163529
2163531
2163532
2163536
216741
216750
216763
216802
216823
216885
216886
216892
216927
2169586
2169592
2169672
2169676
2170262
2170319
2170320
2170401
2170477
2170478
2170540
2170720
217211
2172537
2172540
2172541
2172542
2172674
2172678
2172752
2173180
2173181
2173183
217427
217509
2175193
218142
218208
2182327
218289
218291
2184053
2184083
2184188
2184381
2184519
219451
2200730
2200731
220111
2201275
2201983
2201987
2202018
2202153
2202239
2202241
2202459
2202517
2202658
2202665
2202679
2202721
2204069
2204077
2204184
220750
220801
220903
220904
220927
2211108
2211143
2211144
2211211
221164
221165
221204
2212475
2212892
2212893
2212895
2212896
2212899
2212906
2212920
2212930
2212946
221441
221442
221443
221498
2217653
2217877
2219665
2219813
2224
222562
222890
2231165
2231173
223188
2234053
2234054
2234063
223436
223870
224131
224209
224212
2249226
2249321
2249322
2250252
2250255
225107
225148
225428
225596
2259388
2259389
2259391
2259392
2259393
2259394
2259395
2259672
226498
2268024
2268662
2268740
2268741
2268959
2268964
227046
227086
227432
227714
227717
227946
228203
228206
2282220
2282373
2282374
2282375
2282376
2283154
2283483
2283694
2283839
228671
228749
228946
2290940
2290959
2291002
2291044
2291467
2292165
2292391
2292439
2292881
2293729
2293838
2294
2294012
2294017
2294018
2294036
2296
229868
2301599
230310
2303351
2303956
230419
230420
230423
230424
2304492
230451
2304654
2305036
230516
2305256
2305496
2305497
2306908
2306943
2307165
230792
230844
231055
231106
231218
231260
231262
231403
2315368
2315371
2315456
2315874
2315875
231596
2316021
231616
2316162
231624
2316472
2316522
2316531
2316637
2316658
231682
2316910
231818
231936
2320091
2320092
2320093
2320140
2320251
2320252
2320253
2320254
2321118
2321133
2322
232287
232526
232702
233112
233184
233185
233186
233187
233190
233257
233258
2339179
234597
234598
234819
235081
235443
235444
2358
2358252
2358460
236707
237255
237413
237455
237456
237471
2382094
238242
238794
239745
240364
240449
240655
241424
241622
241650
241713
241850
2420137
2420184
2420186
2420199
2420204
2420229
2420342
242038
2421263
2421351
2421364
2421365
2421366
2421370
2421372
2421375
242824
243523
243652
244459
244460
244461
244462
244479
244486
244529
2447940
2448082
2448773
2449031
244960
244961
244962
244963
245077
245174
245175
245349
245352
245374
245412
245461
245463
245465
245468
245469
245472
246728
247
247150
247613
2478486
2478662
2478663
2478832
2478901
2478954
2479200
2480972
2480975
2480976
2480977
2480978
2480980
2482728
2483972
2484230
2484535
2484745
2484997
2485013
2485014
2485796
2485823
2485825
2486079
2486094
2486118
2486123
2486129
2486328
2486334
2486345
2486350
2486351
2486476
2486705
2486754
2486756
2486758
2486759
2486829
2486833
2487353
248769
2487889
2488289
2488292
2488293
2488294
2488295
2488700
2489041
2489212
2490858
2491068
2491069
2491196
2491358
2492650
2493781
2493783
2493784
2494074
2494100
2494482
2494487
2495579
2495582
2495591
2496078
2496516
2496554
2496847
2497097
2497411
2497440
2497664
2497669
2497848
2497863
2497950
2498248
2498842
2499141
2499404
2499412
2499497
2499530
2501295
2502826
2505957
2506213
2506275
2506289
2506301
2506304
2506305
2506360
2506395
2506399
2506489
2507050
2507353
2507702
2508070
2508582
2509156
2509341
2509531
2509614
2509712
2509713
2510176
2511165
2511376
2512245
251372
251455
2516326
2516327
2516880
2516891
251738
2518369
2518506
2518507
2518508
2518509
2518591
2518599
2518860
2520507
252466
252620
2527691
2527742
2527755
2527761
2527971
2527974
2527975
2527978
2527982
2527984
2528008
2528010
2528011
2528012
2528018
2528026
252803
252809
2528248
2528322
2528695
2528696
2528841
2529369
2530075
2530083
2530211
2530212
2530213
2530218
2530337
253176
253288
253745
253746
253819
254095
254158
2544952
2544977
2545417
2545651
2545655
2545658
2545659
2545660
2545661
2545878
2545949
2546046
2546048
2546180
2546201
2546351
2547399
2547537
254772
254877
254931
255036
255053
255055
2550858
255507
2555395
2555637
2555655
2555657
2555658
2555660
2555662
2555663
2555669
2555671
2555874
255702
2558006
2558044
2558151
255956
2559597
255979
2560058
2561882
2562239
2562285
2562680
2562777
2563083
2563989
2565558
2565642
2565854
2566013
2567786
2567896
2567934
2569483
2569484
2570378
2570379
2570542
2570605
2571004
2571017
2571256
2571262
2572542
2572543
2572544
2572545
257381
257400
2574794
2575951
2576347
2576348
2576442
2576609
2576617
2576620
2576749
2576891
2578226
2579250
258077
2583025
2583452
2583829
2584052
2584479
2584752
2584756
2585274
2586190
2586212
2586213
2586214
2586225
2586248
2587855
2587860
2588536
2588576
2588926
258902
2589855
2590020
2590021
2590022
2590401
2590415
2590420
2590869
2590921
2591534
2591690
2591894
2592548
2592549
2592744
2592814
2592815
2592816
259354
2593653
2593672
259378
2594614
2594615
2594690
2594893
259537
2596890
2597040
2597701
259924
260168
2601838
2601898
2602197
2603248
2604047
2604065
2604631
2605621
2605664
2605704
2606406
2606644
2606652
2606665
260746
260780
2608084
2608287
2608985
2609240
2609259
2609712
2609847
2610781
2610796
2610797
2610850
261098
261099
2613897
2614255
2614544
2614547
2614548
2614550
2614551
2614552
2614553
2614554
2614555
2614556
2614557
2614558
2614561
2614562
2614563
2614564
2614565
2614566
2614567
2614568
2614570
2614577
2614790
2614791
2614808
261847
261858
261860
262135
262287
262427
262428
262711
262978
262980
263417
263865
263894
264050
264093
264102
264114
264133
264146
264205
264483
264720
264783
2650004
265072
2650727
2650736
2651163
2651167
265117
265118
2651640
2651650
2651653
2651664
2651920
2651972
2651974
2651978
2651981
2651982
2651993
2652006
2652007
2652008
2652026
2652027
2652028
2652031
2652032
2652033
2652035
2652036
2652055
2652903
2652965
2652966
2652967
2653445
2653844
2654107
2654159
2654160
2654191
2654218
2654463
2654471
2654475
2654476
2654861
265540
265543
265554
265559
265564
265572
265783
265864
265994
266009
2660714
2661694
2661873
2661921
2661922
2662605
2662643
266265
2663021
2663489
2664436
2664620
2664628
2664654
2664655
2664666
2664669
2664684
2665882
2665923
2665970
266765
266792
266793
267128
267478
2675187
2675188
2675191
2675192
2675195
2675197
267566
2675857
2676002
2676077
2676160
2676190
2676387
2676833
2676835
2676887
267805
267806
267810
2678329
2678605
267982
267983
2679918
2679974
268104
2681185
2682136
2682451
2683654
2684114
2684115
2684369
2684370
2684474
2686198
2686314
2686358
268820
268821
268823
268827
2689107
2689109
2690371
269061
269066
269068
269084
2692273
2692274
2692335
2692336
2692588
269261
2692913
269441
269522
269539
2696349
2696505
2696933
2696936
2696941
2696942
2697032
2697043
2697059
269771
2698480
2698673
2698679
2698684
2698766
2698769
2699012
2699430
2699462
2699523
270351
2703868
2704139
2704155
2704463
2704614
270614
270628
2707525
2708265
2708338
2709095
2709106
2709380
2711120
2711122
2711123
2711215
2711279
2711280
271130
2712186
2713251
2713875
271398
2714027
271406
2714676
2714924
2714925
2714933
2714934
2714935
2714939
2714952
2714978
2715082
2715197
2715678
2715833
2716151
2716225
2716915
271692
271707
271709
271710
271713
271714
271718
2717593
2717594
2717595
2717848
271820
271826
2718544
2718620
2718958
2719054
2719953
2719996
2720114
2720116
2720126
2720170
2720629
2720720
2721185
2721549
2721554
2722769
2722935
2723666
2723947
2724121
2724122
2724914
2724979
2725136
2725370
2728020
2728021
272817
27291
2729606
2729607
2729609
27300
27301
273068
27311
27317
2732163
2732511
2732610
2733757
2733768
27342
273506
2735122
2735257
2735554
2735563
2735798
2736679
273677
2737657
2737741
2737744
2737759
2737762
273793
2738142
2739434
2739839
2739843
2740163
2740462
2740671
2741070
2741071
2741121
2741336
2741427
2741720
2742683
2743356
2743470
2743772
2744126
2744129
2744294
2744442
2744871
2744872
2744873
2744874
2746391
2746894
2747118
2747941
2747947
2747995
2748006
2748055
2748068
2748611
2748896
2750078
2750080
2750426
2750429
2750430
2750432
2750434
2750436
2750446
2750448
2750451
2751313
2751478
2751497
2751894
2751896
2752316
2753607
2754530
2754664
2759737
2759912
2759969
2760386
2760655
2760713
2762
2762014
2762325
2762331
2762748
2764086
2765360
276837
2769058
2769491
2770025
2771018
2771475
2772037
2772984
2773762
2773928
2774190
2774197
2775196
2775197
2775267
2777486
2777491
2777511
2777531
2777543
2777558
2777564
2777566
2777713
2778694
2778876
2779379
2779380
2779387
2779403
2779528
2780173
2780199
2780213
2780224
2780235
2780251
2780278
2780282
2780308
2780324
2780328
2780329
2780562
2780978
2780979
2780980
2781119
278112
278125
2782167
2782641
2782665
2782742
2785627
278822
27895
2789776
27898
2789836
2790054
2790055
2790574
279058
279060
2790877
279113
279122
2792
2792022
2792658
2793042
279322
279368
2794065
279517
27952
2795205
2795293
2795383
2795386
279628
27967
2796959
279747
279753
279754
279757
279758
279759
2797906
2798804
2800501
2800660
28007
2801171
28014
2802971
280424
2804541
280463
2804866
2804870
2805718
2805719
2805720
2805721
2805722
2805723
2805724
2805729
2805730
2805731
2805927
2806246
2806262
2806344
2806347
2806641
28068
280699
2807425
2807458
2807626
28080
280822
2808900
2808971
2809013
2809014
28095
2810012
2810013
2810144
2810146
281027
2810420
2810513
2810562
2810568
28108
2811310
2811351
2811352
2811408
2811415
2811703
28118
2812483
2812485
281255
2812560
2812568
281258
281272
2812931
2813468
281362
2813744
2813879
281401
281402
281403
281418
281420
281460
2814606
2814689
281474
2815215
2816827
28169
2817420
2817585
2817586
281835
281842
281852
281913
28197
28199
28200
2820072
2820081
2820086
2820087
282031
2822278
2822280
2822388
2822515
2822760
2822846
2823256
2823260
2823262
282423
282464
2824673
282488
282511
282525
282717
2829
2829675
2829688
2830253
2830263
2830667
2831148
2831780
2831924
2834207
2834421
2834504
2834505
283514
2835291
2835624
2836286
283661
2836878
2837474
2837573
2837574
2837575
2837634
2837825
2837877
2838779
283909
2839734
284016
2840180
2840183
2840189
2840244
2840467
2840469
284051
2841291
2843
2843303
2843335
28450
28455
284811
284967
2849677
2849679
2849680
2849681
2849682
2849996
2849997
285
2850
2850112
285030
2851073
28528
2853163
2853211
2854
2854043
2854242
2854243
28543
2854389
2856
28561
2856288
2856290
2856299
285713
2858
285985
2861280
2861282
2861284
2861750
2861782
2862758
2862760
2862869
2863067
2863087
2863701
2863858
286390
286413
2864438
2865166
2865176
2865189
2865212
2865225
2865228
2865243
2865255
2865261
2865380
2865381
2865393
2865452
2865478
2865496
2865542
2865559
2865582
2865592
2865768
2865839
2865855
2866162
2866191
2866192
2866193
2866311
2866384
2867050
286770
287
287238
2872519
2872525
287373
2875691
2875764
2875785
2875786
2875789
2875801
2876150
2876211
2876332
2876333
2876334
2876335
2876336
2876337
2876338
2877004
2877010
2878103
2878105
2878332
2878390
2878522
2878652
2878659
287888
287889
287895
2879422
287948
2880
2880640
2881229
2883653
2884181
288435
288437
288438
2884455
288458
288459
288472
288475
288477
288478
2885079
288516
288524
288527
2885377
2885935
2887321
2887324
288818
288912
28896
28898
2890055
289014
2890321
2891369
2891948
2893
2893399
2893631
2893879
2893889
289466
2894755
289596
289597
289598
289602
289604
289605
289606
289614
289615
289616
289617
289619
289621
2897772
2898
2898024
2898431
2898463
2898465
2898473
2899240
2899812
2899813
289992
290075
290076
290088
290130
2901327
2902052
2902113
2902165
2902166
29022
2902910
2903
2903290
2903580
290397
2904285
290434
2905690
2906020
2906055
2906072
2906515
2907342
2908187
2908544
2909116
2909285
2909459
2909484
2909559
2909560
2909809
2909895
2909904
2909906
2909914
2909915
2909916
2909921
2909922
2909929
2909936
2909940
2910147
2910168
291032
291033
2910641
2911050
2911783
2912352
2912359
291240
2912468
2912471
2912490
2912506
2912876
2913358
2913359
2913360
2913362
2913363
2913364
2913365
2913366
2913493
29144
2914710
2914903
2915312
2915318
2916
2917074
2917408
2918170
2918171
291845
2918493
2918499
29190
2919322
2919578
29199
2920
29204
29207
2921369
2921379
2921652
2921667
2921673
2921677
2923028
2923029
2923049
2923066
2923095
292361
292415
292462
292464
292469
2924847
2925147
2925154
2925232
2925352
2925390
2925399
2925411
2925417
2925420
2925421
2925464
2926341
2926394
292719
292722
2927231
2927232
2927580
2927980
2928017
29281
292814
2928716
2929626
2929765
2930050
2930051
2930071
2930200
2930302
2931975
29325
2932885
29329
2933290
2933562
293379
2933791
2934194
2935552
293559
2936455
293646
2936820
2937469
293793
293796
293833
2939188
2939190
2939658
2939664
2939767
2940488
2940492
2942255
2943178
2943848
2944257
29448
2944810
2944964
2945
2945127
2945563
2945576
2945922
2946593
294750
2948613
2949090
2949093
2950
2950982
2951063
2951519
29519
2952673
2952674
2952883
2952932
2952955
29539
2954388
2954530
2954727
2954728
2954734
2954744
295481
295491
2956019
2956020
2957
2957610
29581
29583
2959
296
2961520
2961890
2961973
2962015
296207
2962218
2962792
2962793
2962795
2962796
2962798
2962806
2962824
2962826
2962831
2962836
2962838
2962839
2962842
2962845
2962849
2963858
2964024
296543
296587
296588
2966224
296670
29668
296740
29677
2968057
2968475
2968500
2969166
2969250
296927
2969436
29695
2969718
2969762
2969764
2970472
2970474
2971043
2971162
2971235
2972990
297373
2974023
2974104
297438
2974387
2974467
2975062
2975063
2975065
297518
2975331
2975350
2975601
2976501
2976538
297668
2976838
2976938
2976940
2976942
2976970
297713
2977320
2977873
2977878
2978473
29788
2979115
2979245
2979247
2979290
2979467
2980100
2980637
2981
2981537
2982796
2982930
2983458
2983781
2983784
2983785
2984056
2984886
2984889
2985300
2985511
29856
2986265
2986279
2986280
2986766
2986949
2986973
2987465
29884
29886
29889
2989452
2989453
2989454
29897
29899
2991489
2991490
2991491
2991561
299189
2991972
2992
29920
299206
29922
2992872
299321
299377
299379
2993810
299383
299384
2993872
2994156
2994157
2994700
299475
2994832
2994833
299492
2995141
299547
2995475
2995690
2996
2996081
2996121
299625
2996356
2997256
2998210
2998313
299886
299901
3002436
3002643
3003490
3004094
3004308
3004309
3004424
3004436
300668
300673
301216
301265
3014097
3014115
3014116
3014118
3014330
3014331
3014495
3014497
3014500
3014598
3014784
301485
3015199
3015201
301530
3016982
3017779
3018360
3018409
3019098
3019553
3020053
302006
3020457
3021700
3022420
3022862
3023090
3023479
3023713
302406
3024578
3024579
3024580
3024583
3025407
3026
3026044
3026058
3026424
3028912
3028913
3028914
3028915
3028916
3028918
3028919
3029
3029038
3029174
3029278
3029476
3029478
3029479
3029512
3029513
3029516
3029521
3029523
3029663
3029664
3029686
3030909
3031
3031821
3031841
3031842
3032
3032087
3032116
3032277
3032282
3032587
3033745
303395
303400
303401
3034021
3034022
3034176
3034230
3034311
3034312
3034358
3034523
3034536
3034537
3034676
3034688
3034888
3034889
3034890
3035031
303551
3035588
3035958
3036122
3036218
3036231
3036234
3036250
3036252
3036389
3036394
3036709
3036710
3037644
3037763
3037797
3038067
3038657
3039153
3039159
3039385
3039386
3040364
3040373
304059
3041418
3041428
3041435
3041689
3041873
304194
3042014
304202
3042615
3042678
3043262
304378
304444
304445
3044501
3045499
3046198
304730
3047493
3048499
3048500
3048501
3048507
3048606
3048609
3048656
304887
3049070
3049081
3049082
3049281
3049453
305
3050404
3050690
3051330
3051436
3051449
3052090
3053865
3053984
3054358
3054776
305490
3054967
3054969
3058272
3058351
3058419
3058571
3059162
3060593
3061214
3061989
3062531
3062580
3062810
3063796
3063810
306421
3064432
3064486
3065374
3065630
3065857
3065862
3065910
3065957
3068794
3068978
3069048
3069050
3069051
3069057
3069067
3069069
3069411
3069434
3069617
3069619
3069632
3069644
3069722
307023
307035
3071821
3072
307245
3073561
3073712
307491
3075330
3075358
307585
3075949
3076391
3076435
3076443
3076444
3076721
3077788
3078265
3078749
3079370
3079935
3080052
3080435
3080438
3080440
3080442
3080446
3080448
3080451
3080532
3080537
3080755
3081319
3081339
3081749
3081973
3081984
3082939
3085328
308614
308662
3092156
309355
3093718
3093759
3094835
3095105
3095606
3095607
3095931
3095933
3095969
3096081
3096220
3096982
3097027
3097555
3098762
309912
3101739
3103373
310581
3106207
3106949
3106951
310810
3108397
3108438
310900
310905
310910
310955
310956
3109564
3109565
3109595
310962
3110231
3110511
3110539
3110589
3110968
3110969
311230
3112558
3112696
3113292
3113649
3114042
3114043
3114307
3114367
3114907
3115560
3115649
3115654
3115656
3115657
3115658
3119007
3119568
312019
3120790
3121369
3121543
312199
312204
312208
3122598
3122679
312471
3125
3126609
3126622
3127115
3127568
3128484
3129397
3129476
31302
31303
3130475
3130879
31312
3131933
3131934
3131935
3131938
3131939
31321
31325
3132813
3134072
313498
3135175
3135178
3135180
3135258
3135260
31354
313598
3136057
3136274
3136632
3137677
3137717
3139350
3139945
3140252
3140495
3140649
3140896
3140897
3141544
3141964
314275
3142976
3143427
3143936
3144
314502
314507
314508
314522
314579
3149040
3152172
3152173
315347
3153752
3153764
3153765
3153766
3153776
3153805
3153813
3154152
315498
315499
315505
315511
315514
315517
3157443
3157465
3157466
3158264
3159
3159519
316058
3160648
3160749
3160839
3160840
3160842
3161059
3161083
3161138
316239
316243
3162562
316277
3165
3166645
317655
317658
318073
318448
3190
319040
31958
319629
319951
32009
320163
320326
320440
32051
320771
321396
3218
322104
3222
3225
322596
3228964
3231531
323307
3233538
3234144
3237298
3237908
323848
3238481
3239306
324089
3240913
324092
3241166
324130
324149
324187
324197
3242447
3242448
324266
324268
324274
324299
324307
324309
324313
324325
3243266
324331
324360
324362
324364
324370
3243763
324380
324392
324402
324423
324427
324431
324436
324458
324459
324466
324475
324489
324494
324498
324500
324505
324621
324623
324673
324675
324697
324873
325265
325272
325275
325466
3259512
32597
326046
326070
326143
326279
326329
32644
326572
327050
327065
327092
3273430
327753
328265
3283203
328502
3286338
3286345
3286366
3286455
3286495
329084
3293479
329435
329447
329453
329454
329455
329458
329459
329652
329655
329656
3301
330153
330214
3304
3305
33050
3306
33092
33095
330974
331041
331113
33127
33153
33161
331610
33169
3317
33190
33203
332063
332163
332249
332378
332411
3329432
333133
333472
333480
333482
333509
333514
3339
333934
3342096
3342710
3345031
334524
334525
334526
334528
334529
334625
3348870
3349
3349828
3349877
3350099
3350169
3350170
3350177
3350254
3352
335283
335520
335918
336255
33640
33642
33657
33658
336786
336820
3369
337180
337206
3373202
3373596
3373769
3373820
3374109
337420
337443
3374554
3374615
3375479
3375480
3376201
3377125
3380446
3380602
3381
3381356
3381773
3381774
3382319
338246
3382690
3382944
3383858
3383860
3384486
338567
338910
338913
338969
33918
339588
339597
339598
33987
339963
340024
340099
340146
340183
34029
340370
34071
34073
341045
34116
341166
341263
34161
342097
342104
34247
342588
34343
34352
34364
343862
344069
34457
34480
34488
345502
345632
345902
346229
346242
346820
347515
34764
34765
347918
348535
349307
349456
349561
349596
3501
350889
350982
351068
351132
35128
35137
35139
35144
351590
3516
351604
35166
35168
3517
351712
351713
351715
351716
35217
35226
352461
352462
352465
352467
352964
352965
352991
352994
352997
352998
353009
353014
353015
353022
353043
353044
353046
353047
353049
353050
353054
353058
353059
353061
355284
355335
355336
355340
35554
35557
355633
355634
355839
355840
355841
3559
3562
35623
356302
356498
356651
35672
35674
35677
35679
35682
356837
35687
357005
357894
357895
35814
358220
359408
36021
360240
360281
36031
36032
360428
360531
360532
360552
360655
360659
360661
360662
360663
360666
360677
360681
360682
360683
360684
360686
360688
360708
36079
361155
361172
361187
361426
361427
361668
361872
362590
362798
363178
363325
36333
363952
364030
364216
364227
364239
364328
36534
365352
365354
365358
365363
365367
365608
3661
3662
3663
3664
366522
366527
36654
36656
366596
366598
366601
3668
367291
36770
367737
367762
367825
367894
367925
368607
36861
36881
36892
36894
36896
36898
36914
369805
369819
370032
370036
3702
370405
3708
37103
3711
371682
371859
371952
371971
372078
372079
372082
372086
373120
37319
373272
373401
37354
37360
373647
37395
37406
374092
37413
37433
374461
374815
37482
375
37519
375454
375489
3755
375929
376175
376208
376209
376214
37642
376768
377225
37724
377373
377608
378041
378047
378048
37941
379722
379895
380012
380693
381400
381656
381692
381696
382364
382373
38247
38248
38249
382529
382531
382532
382570
382638
3827
38271
383680
383835
383839
385150
38561
387093
387435
3879
38817
38824
38836
388638
38864
38865
3888
388807
388810
388894
388896
388897
388899
388901
388903
389190
389202
38942
38945
38949
39026
390835
390896
390970
391038
391068
391273
391283
391284
391290
3917
391936
392033
392267
392269
392538
392593
392610
39272
392764
392765
393035
393311
393488
393489
393765
394046
394055
39407
39447
39450
39468
394798
395494
395495
395497
395922
396
396368
396411
396595
397005
39714
39717
397537
397538
397560
397577
397583
397589
39766
397978
398067
39843
39848
398533
398737
399045
399378
399497
399726
400110
400139
400141
400142
400143
400243
400244
400245
400246
400247
400756
401471
401625
401904
401905
401922
401928
401949
401965
401968
401975
402038
40220
40295
40296
403126
40340
40357
403833
4039
40464
404706
404712
40483
40484
40492
405
40545
40563
406540
406548
40681
406829
406831
406842
406843
40697
407208
407209
407288
407301
408
4081
40815
409284
40932
40962
409898
409900
40998
410738
410823
410835
410836
41120
4113
411691
411692
411702
411703
412056
412154
412158
41276
412825
413151
413836
413882
413938
413940
41457
414910
415588
415706
416213
41631
416584
41675
416803
416811
416868
416954
417203
417325
41804
418113
41833
41835
418699
418702
41875
41880
41882
41886
41888
418940
418943
418945
418946
418950
418962
41974
419790
420259
420275
420584
420662
42067
420778
420952
420953
421115
42253
423217
42345
423453
423455
423460
423615
42384
424540
424544
42458
424942
425018
425109
425177
425264
426497
42660
426624
426632
426633
426638
426650
42750
42766
427923
428146
428506
428510
428515
428534
428538
4298
43
431183
431352
431563
431581
431944
43215
43260
433238
433380
433413
43348
43357
43364
433740
433958
433966
434008
434009
434010
434259
43433
43435
43437
43439
434723
435258
435999
436017
43686
437588
43767
438500
438502
43872
438856
438879
439142
43926
439312
43950
43958
43959
439682
43974
439848
439867
439869
43999
44056
44070
44089
44139
44176
44222
44223
44252
442665
44440
44445
44447
44451
444606
445137
445253
445396
445571
44577
44622
446301
446302
446305
44631
446425
44645
446477
446478
446479
446481
446482
446490
44650
44670
44674
447210
447217
447588
447950
447961
447962
448059
448385
449098
4491
449100
449101
449104
44964
4498
450289
450312
450317
45055
45079
450851
45107
45133
451379
45187
4522
452306
452637
45285
453162
453230
45351
45365
453999
454270
454271
4543
454559
45502
45516
45533
455408
455488
45553
45568
45569
45576
4558
45589
45614
4565
45655
45663
45668
4568
456999
457356
457529
457570
45792
457921
45794
45834
458696
458865
458866
458867
458868
458869
458870
458871
458872
458873
458874
458875
458876
458877
458878
458879
458880
458881
458882
458883
458884
459028
459029
459030
459031
459032
459033
459038
459040
459041
45934
459430
459433
459534
459538
459878
4608
460826
460848
46140
463014
463025
46354
463585
464698
464988
464989
464990
465787
46685
466951
466954
467060
467163
46720
467483
467803
467934
467938
467944
467967
467971
468028
468031
468032
469275
469301
469350
469383
46947
469473
470
470147
47023
47057
47058
47061
47062
47063
47082
47083
47085
470921
47111
471162
471719
471828
471838
471850
47187
47192
47199
47215
473050
473167
473322
473813
473817
474070
474093
474154
474188
474201
47421
474228
474276
47429
47490
474922
476
476100
476241
476244
476245
476246
4767
4770
4781
478118
478120
478126
478423
479134
479136
479153
4792
47920
479274
479435
4795
4798
47982
4799
48034
4808
481310
4814
481448
48147
4816
48220
48254
482780
482803
4829
48296
483047
483423
483532
4837
4840
484010
484457
48499
485306
485307
485336
485442
485446
48571
485915
485946
4860
486046
486792
486793
486794
486802
48691
48709
48711
4872
4874
4876
4881
488247
488248
488251
488254
488778
48957
4896
48972
4911
49179
492274
4924
49240
49246
49249
4925
49261
4927
492768
49283
4932
49321
49335
49336
493411
4947
49576
496014
496811
496866
4975
497727
497729
497733
497964
497994
498019
498503
498518
498520
498583
498747
4989
498935
4992
49950
4997
50037
50039
5004
50041
5011
50119
5012
502025
502114
50225
50273
50278
5033
503572
503589
504605
50474
505716
5059
505981
506789
506916
508737
508771
509111
509112
509116
509117
509119
509183
509193
50953
50956
509925
509927
5101
51036
51062
511703
511746
511823
51294
513193
513204
51334
51349
515150
515483
516040
516912
516928
517713
518
51821
519081
52
520
520133
52026
52028
52029
52035
52061
5207
5208
5210
5211
5212
52152
5219
5229
5241
52546
52547
52550
52552
52556
52559
52586
52587
525898
526221
526280
526556
526636
526637
526643
526650
526652
526653
526654
526659
526661
526666
526677
526680
526692
526693
5278
5281
528323
5288
529466
529467
52995
53007
53011
53013
530540
530564
531880
532129
532131
532145
53266
53267
53268
53269
533279
5334
5335
53364
53376
534665
53476
53495
535191
5353
535734
535939
53603
536441
53646
53655
53659
536593
537
5382
5384
538568
538645
538667
538668
53986
5407
54095
54102
5411
5412
54126
5414
5417
5418
54195
54199
542378
542381
542421
542465
542467
542468
542476
542502
542507
542511
542527
542542
5432
5434
5439
5441
544493
544552
544681
544693
544707
545260
546774
547090
547442
5477
5478
5486
54921
549777
5499
551035
551666
551760
55194
551996
55206
552662
552664
552665
552666
552810
552936
552938
553048
55340
553401
55344
55347
55348
5535
55350
55351
55352
55353
55355
5537
553814
554024
554025
5541
554453
554949
555048
55508
55518
55529
555315
5554
555756
55585
556269
556302
557760
55785
55800
55853
558537
558704
559844
55999
56
56004
560273
5606
560708
560720
5609
561098
561153
561154
561157
561158
561159
561161
561162
561164
561169
561171
562
5621
5639
56415
564305
564332
5645
5647
565004
565054
565055
565056
565287
565400
5656
5657
566077
566093
5661
566476
566560
5671
5678
56780
5680
568243
5685
56871
56892
56918
5693
56934
56956
5698
570118
570249
570253
570254
570256
570258
570260
5710
571177
571639
572477
572480
572481
573413
573600
574145
574566
57480
57509
5755
575503
575836
575965
5762
576291
576292
576298
57656
576741
576744
576747
576748
576779
57679
57688
577650
5778
578924
57903
5791
5793
57948
580043
5801
58033
58039
58046
58048
5807
581016
5811
5815
5817
582744
58334
583345
583355
58369
584655
584794
585423
585499
585529
586059
586063
586069
587038
587407
58817
588596
588873
588886
588932
58915
58917
58918
589210
589304
589333
589452
589865
589873
59018
59062
591022
591154
591197
591859
592161
592402
592980
5939
593907
59406
59425
5947
5949
595528
59560
595691
595971
596297
596335
59669
597389
59799
5980
59812
59818
599894
60131
601994
603050
604196
604354
60458
60495
60548
60595
606452
608036
608155
6082
608205
608617
6087
60893
60948
610011
610134
610346
610348
610359
610364
6110
6112
611798
61348
61363
61392
61459
614669
61499
61562
61563
61564
617170
62080
6221
622439
622444
62298
62300
62318
624125
624126
624127
625687
626736
62696
62755
627908
629682
629759
629762
629763
629764
630511
631361
631362
63141
631452
63146
63190
63220
633461
63371
63378
63386
634213
63592
63601
63676
637489
63778
63821
638948
639607
640081
64108
6412
641211
641215
641228
641229
641309
642811
642812
642816
642820
642835
643143
643144
643219
64416
644239
644295
644527
6446
644966
64504
645134
64516
64517
64518
64521
64524
64525
645452
64563
64566
64567
64568
64569
645706
646463
64648
64707
647106
647253
647281
647385
649054
64923
64924
64925
64927
649638
650119
650509
650517
650519
65069
651135
651450
651452
651832
652658
652834
653362
65357
654955
65527
65530
65535
65553
65555
655661
655710
655711
655751
65590
656076
65656
657222
658141
65816
658475
659210
659213
659220
660122
661103
661394
66170
661988
662018
662034
662074
662548
662592
663364
663365
664319
66468
66471
66473
665064
665069
66546
665571
666375
666681
6669
667014
66738
66821
66825
669133
669141
669471
669472
66948
669526
66990
66991
66992
670
67003
670474
6706
671143
67234
67237
67247
67248
673899
67400
67415
67421
674703
67476
675002
67591
67594
676265
676789
676952
67809
679095
680255
680461
680470
681212
6815
681519
681520
681522
682098
682386
682749
6832
6837
684552
68569
685727
68574
685759
685761
685806
685889
686323
686324
687209
68757
68759
687947
687948
68795
688218
688219
688661
689842
69028
690460
692523
692531
692695
692696
692697
692909
693120
693125
693128
693130
693131
693132
693143
6932
693307
693308
69346
69355
69362
693645
693683
693871
693905
693924
693933
693950
694444
69499
69517
69531
696184
696186
696187
697303
69774
69787
698384
698394
698395
698401
69843
69890
698948
69966
69976
69996
700274
700783
70105
70125
70128
70131
70189
702002
70222
702247
702563
70325
703918
704012
704014
704016
704036
704059
704072
704074
704086
704087
704171
704181
70450
705560
705918
706581
706587
70674
70773
707887
707993
708131
708281
708510
709032
70936
709496
709991
71001
710168
710180
710972
710984
710995
710997
71139
71401
714067
714608
714617
715333
71558
71562
71564
71565
71566
71568
71717
71727
717740
718273
71861
71897
72019
722472
723193
723594
723595
723618
72520
72547
72649
73031
73033
73915
73916
73919
74090
741088
741089
741090
743009
74381
743927
743928
743929
744553
74462
74475
74478
745010
74557
74711
74727
74792
74820
748461
748604
748605
748631
749001
749222
75058
75105
752182
753684
756010
75658
75659
75730
75732
75733
758748
758750
758754
758755
758826
76012
760154
76021
760568
761018
76114
76115
76116
76126
76130
76259
762633
764110
764112
764113
764117
764122
7653
765912
767269
767298
76773
76774
76775
76776
76777
767817
76788
768073
768077
768096
768127
768142
76830
768543
77007
77020
77133
77300
77629
7792
77922
77928
77931
78073
78086
78116
78235
78456
78550
78761
78762
79200
7924
794903
795329
795340
795665
7957
795918
79608
796161
7962
797081
79792
79880
79894
79898
80588
80589
80670
80816
80832
80867
80869
80878
80880
81100
81531
81533
81535
81808
81812
81824
81958
81960
81964
82268
82380
82508
82509
82511
82513
82515
82519
82520
82521
82522
82524
82526
82541
82934
82935
82936
82937
82938
82940
82941
82942
82946
82949
82952
82953
8296
83000
83371
83372
83406
83450
83451
83455
83561
83835
83875
83891
83893
83906
83917
839843
839885
84085
84292
84588
84603
847
84742
84745
84748
85057
85271
85433
856652
856654
856666
856770
856772
856776
856782
856784
856889
85702
857046
857049
85707
85792
858351
85853
859423
859642
86027
860588
86126
861299
864284
864286
86473
864824
86515
86550
86558
86615
868051
86829
86836
86837
86838
86846
86864
86867
86877
86898
869211
870501
87093
871528
871531
87268
87272
87275
87280
872858
873191
876364
87657
877500
878252
878358
878360
878362
87883
879819
880032
880072
88036
880432
880990
881313
881581
88167
88190
88271
882904
88352
883821
884619
885371
88552
88579
885957
887061
88730
88834
888827
889459
890382
89044
891395
891968
89334
89336
89381
894
89674
89678
89679
897
89797
89913
89919
89921
89926
89929
89934
89957
89963
90248
90250
90253
90261
90295
903842
903995
90403
904060
907947
90806
908208
908852
908857
908858
908978
908979
908983
908984
908987
908991
908992
908996
90950
909591
910980
910981
910982
910984
911538
91168
91207
912565
913109
91324
91352
913974
913975
916
91627
91922
91926
91943
924
92525
926437
926569
926571
928754
92952
92953
929565
92964
92976
92981
92984
930805
930903
930911
930934
93123
931621
931644
931866
931890
93218
93219
932720
933054
933262
933485
933853
933994
93490
936145
936146
938088
938089
938095
938105
938112
938113
93828
941109
94132
942565
942676
942860
942914
94445
944546
944547
94456
944588
944596
944634
944640
944641
94503
94564
945688
945713
94581
945844
94595
945975
945977
945978
94624
94625
946273
946333
946362
946373
946379
94643
94644
94663
947086
947160
947538
947570
947576
94824
948313
95486
960
96446
96465
96477
96526
96561
96586
96588
96598
96649
96651
96773
97477
97485
97486
97488
97489
977789
977790
977791
977818
979670
979671
979673
979689
979691
979695
979702
979707
979710
979711
979712
979718
979732
979759
979761
980139
980197
980346
98061
981321
98328
983564
983660
983661
983679
983703
98373
983917
984084
984182
984185
984272
984307
98499
98502
986075
98667
98733
98737
98740
98741
98761
987983
988043
988044
98809
988114
98869
989906
989911
989918
989924
989930
989946
989956
989959
989960
99116
99158
993647
99398
994323
994785
994786
994788
99526
996308
996731
997027
997525
997530
997937
998801
99911
99915
99922
999287
999541
taxonomy
